1219 244 1358 244
1222 154 1358 154
1469 1991 1537 1991
1472 925 1795 925
1810 1835 1878 1835
1828 928 2057 928
1898 928 2135 928
2105 361 2198 361
2151 1676 2219 1676
2166 630 2377 630
2168 928 2476 927
2491 1518 2559 1518
2508 928 2975 928
3005 928 3052 928
3060 61 3090 61
3160 928 3535 928
1219 157 1219 246
1355 156 1355 247
1469 928 1469 1425
1472 1551 1472 1994
1809 1416 1809 1833
1812 944 1812 1287
2150 646 2150 1092
2150 1280 2150 1676
2153 416 2153 601
2490 1143 2490 1516
2493 944 2493 1017
2989 2162 2989 2264
2992 943 2992 2103
3533 926 3533 2253
