1472 925 2476 927
1472 925 2493 1017
1472 925 2975 928
1472 925 2989 2264
1472 925 3052 928
1898 928 2493 1017
1898 928 2975 928
1898 928 2989 2264
1898 928 3052 928
2168 928 2989 2264
2168 928 3052 928
1472 925 1812 1287
2153 416 2150 1092
2153 416 2377 630
1219 244 1358 244
1222 154 1358 154
1469 1991 1537 1991
1810 1835 1878 1835
2105 361 2198 361
2151 1676 2219 1676
2491 1518 2559 1518
3060 61 3090 61
3160 928 3535 928
1219 157 1219 246
1355 156 1355 247
1469 928 1469 1425
1472 1551 1472 1994
1809 1416 1809 1833
2150 1280 2150 1676
2490 1143 2490 1516
3533 926 3533 2253
