1470 1994 1538 1994
1472 925 1617 925
1593 925 1780 925
1733 925 1789 925
1735 583 1771 583
1810 1835 1878 1835
1825 928 2135 928
2105 361 2198 361
2150 1673 2219 1673
2167 925 2475 925
2491 1518 2559 1518
2528 928 2613 928
2606 928 2812 928
2767 928 2823 928
2855 925 3035 925
3060 61 3090 61
3159 925 3191 925
3218 924 3382 925
3373 925 3535 925
1472 928 1472 1405
1472 1551 1472 1994
1809 1415 1809 1833
1812 941 1812 1287
2150 415 2150 910
2153 964 2153 1153
2153 1279 2153 1676
2492 944 2493 1016
2493 1143 2493 1518
3533 925 3533 2264
