670 362 747 363
1469 1991 1537 1991
1472 925 1603 925
1595 925 1796 925
1735 583 1771 583
1748 925 1795 925
1810 1835 1878 1835
1828 928 2010 928
1889 928 2003 928
2018 928 2135 927
2105 363 2198 363
2151 1676 2219 1676
2165 928 2364 928
2166 630 2377 630
2340 928 2475 928
2490 1515 2559 1515
2508 928 2975 928
3161 925 3535 925
698 417 698 2264
1280 183 1280 215
1469 928 1469 1425
1472 1551 1472 1994
1809 944 1809 1289
1809 1425 1809 1706
1809 1656 1809 1833
2150 942 2150 977
2150 995 2150 1153
2152 646 2153 763
2152 1278 2153 1676
2153 416 2153 617
2153 806 2153 911
2490 944 2490 1017
2493 1143 2493 1518
2992 943 2992 2264
3533 926 3533 2256
