1469 1991 1538 1991
1472 925 1796 925
1810 1835 1878 1835
1829 925 2135 925
2105 361 2198 361
2151 1676 2219 1676
2166 630 2377 630
2208 928 2387 928
2316 928 2476 928
2491 1518 2559 1518
2508 928 2637 928
2663 925 2792 925
2714 925 3034 925
3149 925 3294 925
3261 925 3317 925
3331 928 3497 928
3485 928 3532 928
1471 926 1472 1425
1472 1551 1472 1994
1812 944 1812 1102
1812 1154 1812 1268
1812 1415 1812 1835
2150 416 2150 618
2153 646 2153 911
2153 942 2153 1152
2153 1279 2153 1676
2493 1143 2493 1518
3149 880 3149 974
3533 925 3533 2102
3533 2166 3533 2264
